关卡ID	章ID	关卡名称	BOSS类型	体力消耗数量	每日限制攻打成功次数	胜利后奖励经验	胜利后奖励银两	掉落物品	关卡NPC	建议等级	关卡剧情	头像路径
101	1	酒馆滋事	0	1	999	10	20	0	101	1	本来宁静而充满欢乐的小镇酒馆，闯进一群山贼，并因为没有了美酒而与海贼们产生了争执……	members/head_char_shanzei.png
102	1	破碎美酒	1	1	10	13	26	50000_32_1	102	1	作为头号通缉犯的山贼首领，并不接受红发船长赠酒的好意，而是粗暴的将酒瓶砸向了他……	members/head_char_shanzeitoumu.png
103	1	再次挑衅	0	1	999	11	22	0	103	1	山贼们扬长而去，红发海贼们却毫不在意，依旧出海了。直到有一天，山贼们再次来到酒馆……	members/head_char_shanzei.png
104	1	山贼喽啰	0	1	999	11	22	0	104	1	返航的红发海贼们，恰巧碰到即将抓人离去的山贼，一场战斗就此展开了。	members/head_char_shanzei.png
105	1	西格首领	0	1	999	11	22	0	105	1	混战中，西格首领见势不妙，挟持少年落荒而逃，驾着小船驶向大海。	members/head_char_xige.png
106	1	近海王兽	2	1	5	18	36	50000_28_1	106	2	海王来袭。千钧一发之际，一道身影在少年身前化解了危机。只是，红发从此失去了一只手臂。	members/head_char_elong.png
201	2	陌生海岛	0	1	999	11	22	0	201	2	一群海贼捞起木桶，以为是装满了美酒，兴冲冲的准备打开，木桶却从里面被打破了……	members/head_char_haidao1.png
202	2	初遇海贼	0	1	999	13	26	0	202	2	巨大的响动引起一阵骚乱，木桶也被打飞，旁边还跟着一个戴眼镜的小矮子——克比。	members/head_char_haidao1.png
203	2	铁棒	1	1	10	16	32	50000_62_1	203	2	了解到克比希望加入海军的梦想，你决定帮助他，不过要先去解决束缚着她的亚尔丽塔船长。	members/head_char_yaerlita.png
204	2	捆绑的猎人	0	1	999	13	26	0	204	2	来到海军基地所在的小镇上，广场中央正绑着一名海贼猎人，似乎名气还蛮大的。	members/head_char_haijun1.png
205	2	擅自决定	0	1	999	14	28	0	205	3	真是个顽强的家伙，无论如何，都要把他拉到自己的船上！	members/head_char_haijun1.png
206	2	取回武器	1	1	10	19	38	50000_30_1	206	3	他最宝贵的武器被海军收走了，看来只能先帮他取回来才能采取下一步行动，冲向海军基地吧！	members/head_char_beilumeibo.png
207	2	营救索隆	2	1	5	26	52	50000_57_1	207	3	蒙卡上校竟然追到了广场，先将索隆的绳索砍断吧，然后再来对付他。	members/head_char_mengka.png
301	3	美女小偷	0	1	999	14	28	0	301	3	站在四周的海贼在短暂的错愕之后，围了上来，显然不像是在欢迎你，那么动手吧……	members/head_char_haidao2.png
302	3	联手合作	0	1	999	15	30	0	302	3	女孩叫娜美，是一名专偷海贼的小偷，她的下一个目标就是巴基海贼团，你是否要跟她合作呢？	members/head_char_haidao2.png
303	3	巴基海贼团	0	1	999	16	32	0	303	3	娜美说的合作竟然是把你绑起来扔进囚笼，关键时刻，索隆终于赶到，战斗开始了。	members/head_char_haidao2.png
304	3	猛兽秀	1	1	10	22	44	41000_58_1	304	4	哎？这个头戴古怪头套的家伙是干啥的？哈哈，他竟然帮你打破了囚笼！	members/head_char_moqi.png
305	3	巴基炮弹	0	1	999	16	32	0	305	4	得知摩奇被打败，气急败坏的巴基准备用巴基炮弹摧毁小镇，必须阻止他！	members/head_char_haidao3.png
306	3	勇气之心	0	1	999	16	32	0	306	4	在小狗秀秀的勇气感召下，村长终于下定决心，挑战巴基，保卫小镇，去帮他把。	members/head_char_haidao3.png
307	3	反击开始	0	1	999	19	38	0	307	4	反击终于开始了，不断的有村民赶来，绝对不能输！	members/head_char_haidao3.png
308	3	杂耍参谋	1	1	10	24	48	50000_63_1	308	4	又出现一个骑着独轮车，嘴里喷火的怪家伙，是从马戏团出来的么？	members/head_char_kabaji.png
309	3	四分五裂	2	1	5	33	66	50000_26_1	309	5	红鼻子，不要打扰索隆的决斗，来进行1V1的战斗吧。	members/head_char_baji.png
401	4	小鬼的骚扰	0	1	999	19	38	0	401	5	刚刚靠岸，就碰到一群潜伏在树丛中的小鬼，他们拿着弹弓与木剑，是要发动进攻么？	members/head_char_xiaohai1.png
402	4	谎言与真实	0	1	999	19	38	0	402	5	这个长鼻子的家伙真是有趣，拉他入伙吧！只是他牵挂着大宅子里的可雅，一起跟去看看。	members/head_char_zhuangyuanshouwei.png
403	4	教训	0	1	999	20	40	0	403	5	这个庄园的管家真是个大混蛋，丝毫不知道尊重他人，看来必须教训他一下。	members/head_char_zhuangyuanshouwei.png
404	4	催眠大师	1	1	10	27	54	50000_37_1	404	6	被可雅赶来出来，却无意中发现一个倒着走的怪人，形迹可疑的徘徊在庄园附近。	members/head_char_zangao.png
405	4	巨大阴谋	0	1	999	20	40	0	405	6	跟踪上去，发现催眠师竟然与管家悄悄碰面，商量着暗杀可雅小姐！	members/head_char_haidao4.png
406	4	原形毕露	0	1	999	22	44	0	406	6	想不到管家竟然是大名鼎鼎的克洛船长，他企图制造海贼抢掠的假象，从而获得整个庄园。	members/head_char_haidao4.png
407	4	黑猫海贼团	0	1	999	23	46	0	407	6	黑猫海贼团已经登岸，村民们不相信乌索普的话，只有靠你来阻止他们了。	members/head_char_haidao4.png
408	4	猫人兄弟一	1	1	10	32	64	41000_50_1	408	6	拆下了黑猫海贼船的船头，不料惊动了船上的猫人兄弟，似乎周围的海贼都很怕他们。	members/head_char_buzhi.png
409	4	猫人兄弟二	1	1	10	32	64	50000_60_1	409	7	击败了猫人兄弟中的其中一人，剩下的一个也要尽快解决才行。	members/head_char_shanmu.png
410	4	智多星	2	1	5	42	84	41000_52_1	410	7	被可雅听到亲口吐露的阴谋，克洛仍毫无悔改之心，将他打飞吧！	members/head_char_keluo.png
501	5	海上餐厅	0	1	999	33	66	0	501	7	听说在海上有一艘海船，拥有最好的厨师，人们称之为海上西餐厅，何不前去看看呢？	members/head_char_chushi1.png
502	5	厨师争斗	0	1	999	35	70	0	502	7	刚一来到，就碰到两名厨师在大声争吵，那个卷眉毛叫香吉士么？看来是名很好的厨师呢。	members/head_char_chushi1.png
503	5	不速之客	0	1	999	37	74	0	503	7	一个海贼被救上船来，狼吞虎咽吃着食物，只是这个叫阿金的海贼后面，跟来一群不速之客。	members/head_char_chushi2.png
504	5	鹰眼的试炼	1	1	10	48	96	50000_32_1,50000_61_1	504	7	黑刀乱刃，鹰一般的眼神，站在剑客之路顶点之人，为了大剑豪之名，索隆发起了挑战。	members/head_char_yingyan.png
505	5	东海霸者	0	1	999	45	90	0	505	7	索隆仍有一口气在，而海贼团趁机登上了船，他们自称是东海的霸者——克里克海贼团。	members/head_char_haidao5.png
506	5	恩将仇报	0	1	999	48	96	0	506	7	克里克海贼团在遭受鹰眼重创后，落荒而逃，酒足饭饱后，开始打起海上餐厅的主意来。	members/head_char_haidao5.png
507	5	大混战	0	1	999	48	96	0	507	7	随着克里克抢夺海上餐厅的命令下达，厨师们开始奋起反击，一场混战愈演愈烈。	members/head_char_haidao5.png
508	5	铜墙铁壁	1	1	10	58	116	50000_32_1	508	8	61战毫发无伤的巴拉，拥有铁壁称号的海贼正式登场，可为啥他会流鼻血……	members/head_char_bala.png
509	5	鬼人登场	1	1	10	58	116	50000_60_1	509	8	阿金为了报答一饭之恩，击碎了铁壁，并向首领克里克提出要亲自结束这场战斗。	members/head_char_jin.png
510	5	海贼提督	2	1	5	66	132	41000_59_1,50000_20_1	510	8	阿金不忍下手，愤怒的克里克放出毒气。看着将面罩交给香吉士的阿金倒下，怒火在不断燃烧。	members/head_char_kelike.png
601	6	可可西亚村	0	1	999	50	100	0	601	8	来到阿龙统治的小镇，立刻就碰到一群鱼人的袭击，不由分说，先打倒他们吧。	members/head_char_yuren1.png
602	6	恶龙喽啰	0	1	999	50	100	0	602	8	糟糕，索隆还被绑在船上，这下子恐怕直接被带到阿龙的老巢里了。真是一群恼人的小喽啰啊。	members/head_char_yuren1.png
603	6	恶龙前哨	0	1	999	52	104	0	603	8	阿龙似乎对索隆不以为意，但听到仍有同伙逃走进入小镇，决定亲自处理这件事情……	members/head_char_yuren1.png
604	6	逃脱	0	1	999	53	106	0	604	8	趁着阿龙前往小镇，索隆挣脱了绳索，成功反客为主，等待阿龙的归来。	members/head_char_yuren1.png
605	6	小八	1	1	10	63	126	50000_31_1,50000_61_1	605	9	嗯？这只章鱼竟然也是一名剑客，但似乎脑子不太灵光，把索隆当成了来拜访的客人……	members/head_char_xiaoba.png
606	6	重返领域	0	1	999	55	110	0	606	9	得知阿龙以全镇居民姓名为要挟，逼迫娜美为其绘制航海图的恶行后，一定要将娜美救出来。	members/head_char_yuren2.png
607	6	轰击大门	0	1	999	58	116	0	607	9	直接冲向恶龙领域，只是有一扇坚固的大门挡住了去路，轰破它吧！	members/head_char_yuren2.png
608	6	恶龙守卫	0	1	999	59	118	0	608	9	闻声而至的恶龙守卫们，纷纷拔刀相向，击败他们才能继续前行。	members/head_char_yuren2.png
609	6	恶龙战斗员	0	1	999	62	124	0	609	9	几名衣着光鲜的鱼人也加入了战斗，似乎比前面的小喽啰要强不少呢，只是还是不够看的！	members/head_char_yuren2.png
610	6	接吻鱼人	1	1	10	72	144	41000_69_1,50000_37_1	610	9	这家伙的嘴真奇怪，是接吻鱼人么？	members/head_char_jiu.png
611	6	软骨鱼人	1	1	10	72	144	50000_60_1	611	10	借助水域的优势，克罗欧比将香吉士逼入险境，快想办法解决他！	members/head_char_keluooubi.png
612	6	锯齿鲨鱼	2	1	5	84	168	50000_52_1,50000_59_1	612	10	终于见到了阿龙，看着哭泣的娜美，你大声喊出：不许弄哭我的航海士！战斗吧！	members/head_char_along.png
701	7	罗格镇	0	1	999	63	126	0	701	10	这就是海贼王罗杰出生与被处死的城镇么？好好逛一下吧，但到哪都摆脱不了海贼挑衅的麻烦。	members/head_char_haidao3.png
702	7	小镇骚乱	0	1	999	63	126	0	702	10	当年的处刑台前聚集了一堆的人，真是热闹，快去看看。	members/head_char_haidao3.png
703	7	处刑台前	0	1	999	65	130	0	703	10	这就是海贼王看到的景色？站在高台上，望着下面涌动的人流，有一些熟悉的身影渐渐浮现。	members/head_char_haidao3.png
704	7	冤家路窄	0	1	999	67	134	0	704	10	糟糕，被刑台铐住，无法动弹了，好像要被砍了呢……	members/head_char_haidao3.png
705	7	行刑者	1	1	10	80	160	50000_32_1,50000_64_1	705	11	巴基迫不及待的跳上高台，想亲自进行处刑。闪电落下，击中了巴基，果然还是活下来了呀。	members/head_char_baji.png
706	7	海军赶到	0	1	999	71	142	0	706	11	海军似乎赶来了，还是趁着大雨，快些逃走吧，可不能在进入伟大航路前就被抓住呢。	members/head_char_haijun2.png
707	7	大混战	0	1	999	74	148	0	707	11	看来所有的海贼都成了被抓捕的对象，巴基他们也不例外，真是一场混乱的战斗。	members/head_char_haijun2.png
708	7	抓捕	0	1	999	78	156	0	708	11	喔唷，巴基他们竟然被抓住了，看来要加快速度了。	members/head_char_haijun2.png
709	7	冲向港湾	0	1	999	79	158	0	709	11	逃过下一个小巷，就可以看到海港了，快跑！	members/head_char_haijun2.png
710	7	女剑士	1	1	10	94	188	50000_37_1	710	12	这里有一个女剑士挡住了去路，她也是海军么？既然是剑士，那就交给索隆吧。	members/head_char_dasiqi.png
711	7	白色猎人	1	1	10	97	194	50000_65_1,41000_50_1	711	12	这是什么，好大的烟雾，是恶魔果实的能力么？必须赶快找到方向，不能继续纠缠下去了。	members/head_char_simoge.png
712	7	颠倒山	2	1	5	114	228	50000_21_1,50000_24_1	712	13	登上梅利号了，已经看到导引灯了，抛下木桶来个下水典礼，庆祝即将迈入伟大航路吧！	members/head_char_labu.png
801	8	抵达海岸	0	1	999	88	176	0	801	13	似乎听到了人的声音，摆脱迷雾，就能靠岸了。	members/head_char_jumin.png
802	8	欢迎之城	0	1	999	91	182	0	802	13	海贼来到这里不但没有引起恐慌，还受到热烈欢迎，真是不可思议！	members/head_char_jumin.png
803	8	疯狂酒宴	0	1	999	93	186	0	803	13	在镇长的盛情邀请下，一场庞大的欢迎宴会即将举行，只是这种热情有些过头了吧？	members/head_char_jumin.png
804	8	月光与墓碑	0	1	999	94	188	0	804	13	狂欢过后，醉倒的众人静静躺在皎洁的月光之下，潜藏的恶魔露出獠牙，今夜这里将变成墓地。	members/head_char_jumin.png
805	8	星期三	1	1	10	113	226	50000_35_1,50000_64_1	805	14	果然这是一个陷阱，赏金猎人组成的庞大组织，想将来到伟大航路的海贼们一网打尽。	members/head_char_wednesday.png
806	8	大闹一场	0	1	999	98	196	0	806	14	既然明白了阴谋，就无需留守，在伟大航路的第一站，闹个天翻地覆吧。	members/head_char_shangjinlieren1.png
807	8	索隆的表演	0	1	999	101	202	0	807	14	这似乎成了索隆的表演专场，这些三流的赏金猎人，一一倒下。	members/head_char_shangjinlieren1.png
808	8	以一敌百	0	1	999	102	204	0	808	14	1V100，完全无法进行有效的反击，完胜！	members/head_char_shangjinlieren1.png
809	8	无眠之夜	0	1	999	104	208	0	809	14	注定无法入眠的一夜，即便是巴洛克工作社的成员，也无法忘记今天的梦魇。	members/head_char_shangjinlieren1.png
810	8	秘密组织	1	1	10	123	246	41000_50_1,50000_35_1	810	14	想不到这个镇的镇长也是巴洛克工作社的成员，亲自导演了今晚的闹剧。	members/head_char_mr8.png
811	8	身份泄露	0	1	999	105	210	0	811	14	新敌人切入战局，带来一个消息——Miss.Wednesday竟是阿拉巴斯坦王国公主！	members/head_char_jumin.png
812	8	一万公斤	1	1	10	123	246	50000_60_1,41000_63_1	812	15	原来薇薇公主潜入工作社，是想了解敌人内部的秘密，解救王国。但是现在，秘密暴露了……	members/head_char_valentine.png
813	8	爆爆果实	2	1	5	143	286	41000_40_1	813	15	受到公主衷心侍卫的嘱托，决定护送公主回国，把阻挡在眼前的敌人统统击败，履行承诺吧。	members/head_char_mr5.png
901	9	古老岛屿	0	1	999	106	212	0	901	15	这座被称为小花园的小岛，是连巴洛克工作社成员都未曾探知的岛屿，不知道里面有什么危险。	members/head_char_konglong1.png
902	9	原始丛林	0	1	999	106	212	0	902	15	想不到这个岛屿上，充斥的竟然是十分古老的植物，难道这是一座远古时期遗存下来的岛屿么？	members/head_char_konglong1.png
903	9	竞赛	0	1	999	107	214	0	903	15	香吉士需要准备晚餐了，去弄些猎物回来吧，比一下看谁在日落前，能弄到更多的肉！	members/head_char_konglong1.png
904	9	狩猎开始	0	1	999	109	218	0	904	15	狩猎正式开始了，四处逛逛，看看有什么猎物。	members/head_char_konglong1.png
905	9	远古恐龙	0	1	999	115	230	0	905	15	好多恐龙！这真是一个神奇的岛屿，一展身手吧。	members/head_char_konglong2.png
906	9	爆炸的酒	1	1	10	141	282	50000_33_1,50000_64_1	906	17	将随身携带的美酒赠予巨人，不料从他的肚子里传出一阵爆炸声，这下可有解释不清的误会了。	members/head_char_dongli.png
907	9	约战	0	1	999	128	256	0	907	17	与愤怒的巨人经过短暂交锋，忽然传来一阵奇怪的吼叫声，原来是岛上另一个巨人的约战信号！	members/head_char_konglong2.png
908	9	隐藏的敌人	0	1	999	133	266	0	908	17	巨人不顾伤势，毅然决然的奔向约战地点，到底是谁，在暗中卑鄙的炸伤了巨人大叔？！	members/head_char_konglong2.png
909	9	汇合	0	1	999	141	282	0	909	17	抓紧时间与另外的船员汇合，才知道一场大战即将开始，必须尽快去阻止他们。	members/head_char_konglong2.png
910	9	娜美失踪	0	1	999	149	298	0	910	17	突然发现娜美不见了，她是迷路了，还是发生了其它事情？在附近搜寻一下吧，当心那些猛兽！	members/head_char_konglong2.png
911	9	晚了一步	0	1	999	154	308	0	911	17	快赶去将巨人东利受伤的事情告诉布洛基。但最终还是晚了一步，东利已经倒在了地上。	members/head_char_konglong2.png
912	9	敌人现身	1	1	10	188	376	41000_63_1,50000_37_1	912	18	当布洛基以复杂的心态迎接胜利时，导致东利受伤的幕后黑手现身，又是巴洛克工作社成员！	members/head_char_mr5.png
913	9	真相大白	0	1	999	162	324	0	913	18	在东利喝的美酒中加入炸药，又使用蜡烛让东利脚下打滑战败，使得知真相的布洛基悲愤莫名。	members/head_char_mr5.png
914	9	蜡烛盛宴	2	1	5	215	430	41000_38_1	914	19	该死的蜡烛人弄出巨大的蜡烛盛宴，在场的所有人即将变成蜡像，快去打掉南瓜头蜡烛！	members/head_char_mr3.png
1001	10	冰雪岛屿	0	1	999	163	326	0	1001	19	前面有一座岛屿，完完全全被冰雪覆盖，应该就是伟大航路独有的四类岛屿中的冬之岛了。	members/head_char_jumin1.png
1002	10	无名之国	0	1	999	163	326	0	1002	19	还未靠岸，就遭到了岛上居民的喝止，似乎他们对于海贼抱有极大的敌意。	members/head_char_jumin1.png
1003	10	开枪了	0	1	999	163	326	0	1003	19	当薇薇公主试图以和平方式登陆海岛时，岛上的居民居然开枪了！这群混蛋……	members/head_char_jumin1.png
1004	10	登上岛屿	0	1	999	163	326	0	1004	19	单纯靠武力是无法解决所有问题的，惹恼了村民，娜美的病就无人医治了。	members/head_char_jumin1.png
1005	10	魔女传说	0	1	999	166	332	0	1005	19	进入村子之后，得知这里唯一的医生，是一名性情古怪的医娘，要想治病只能去请她了。	members/head_char_jumin1.png
1006	10	磁鼓山	1	1	10	198	396	50000_64_1,41000_70_1	1006	20	向磁鼓山进发，听说山上有很多奇异的生物，比如说……眼前的这只庞大的兔子。	members/head_char_tuzi.png
1007	10	攀登雪山	0	1	999	175	350	0	1007	20	真是一座高大的山峰，一路走去，总感觉有什么东西在偷偷窥视着你们。	members/head_char_tuzi.png
1008	10	白色身影	0	1	999	178	356	0	1008	20	在留心观察了许久之后，发现在白茫茫的雪原上，有一些白色的身影不断起伏，那是什么？	members/head_char_tuzi.png
1009	10	肉食兔	0	1	999	182	364	0	1009	20	我的天，竟然是一群肉食兔，虽然一只兔子的攻击力并不算什么，但是这么一大群……	members/head_char_tuzi.png
1010	10	逃向山顶	0	1	999	187	374	0	1010	20	经过短暂纠缠，越来越多的肉食兔正在聚集，时间紧迫，还是尽快打开一个缺口，冲到山顶。	members/head_char_tuzi.png
1011	10	打开大门	0	1	999	252	504	0	1011	20	来到山顶之后，城堡的大门紧闭，跑过去敲开大门吧。	members/head_char_tuzi.png
1012	10	奇怪生物	1	1	10	395	790	50000_30_1,50000_63_1	1012	21	终于来到山顶，碰到一个似人似鹿奇怪的生物。他是吃了人人果实的驯鹿，跟随医娘学习医术。	members/head_char_qiaoba.png
1013	10	他回来了	0	1	999	339	678	0	1013	21	体力逐渐回复，娜美病情也变得稳定，但是乔巴突然紧张起来，似乎是有仇敌回来了。	members/head_char_haidao6.png
1014	10	神射手	1	1	10	399	798	41000_70_1,50000_35_1	1014	22	原来是谋害了乔巴唯一的朋友兼养父的仇敌，原磁鼓国国王重新回到了这里。	members/head_char_jiesi.png
1015	10	磁鼓国王	2	1	5	457	914	50000_56_1,50000_53_1	1015	22	这个吃生铁的家伙，不就是在船上被打飞的人么？看来有必要再一次把他打飞！	members/head_char_waboer.png
1101	11	炎热沙漠	0	1	999	345	690	0	1101	22	来到沙漠王国后，炎热天气让大家难以忍受，偏偏这时又被海军认了出来，打败他们离开这里。	members/head_char_haijun2.png
1102	11	行礼丢失	0	1	999	347	694	0	1102	22	采购完食物，薇薇公主决定穿越沙漠，说服叛军。沙漠中存在着各种危险的野兽，务必小心。	members/head_char_xiyi.png
1103	11	沙暴来袭	0	1	999	349	698	0	1103	22	因为沙漠蜥蜴的骚扰，而丢失了行礼，使得前进变得更加困难。偏偏此时又遇到了巨大的沙暴。	members/head_char_xiyi.png
1104	11	埋葬绿洲	0	1	999	351	702	0	1104	22	来到尤巴，原先的绿洲已经被一片荒漠掩埋，叛军也迁移到别处，只有继续前行了。	members/head_char_xiyi.png
1105	11	敌人来袭	0	1	999	357	714	0	1105	22	为了能尽快解救这个王国，必须分头行动，你将带领伙伴们直接向雨城进发，击败克罗克达尔。	members/head_char_jumin.png
1106	11	夺取钥匙	1	1	10	426	852	50000_65_1	1106	23	来到克罗克达尔的赌场，却落入了陷阱，被囚禁牢笼，钥匙被大砂鳄吞掉了，击败它拿回钥匙。	members/head_char_dashae.png
1107	11	挣脱囚笼	0	1	999	373	746	0	1107	23	从牢笼中逃脱，被克罗克达尔的部下不断追击，尽快摆脱他们。	members/head_char_jumin.png
1108	11	路遇阻拦	0	1	999	380	760	0	1108	23	又一群百万长者挡在路前，没有路可以走了，只有打飞他们才行。	members/head_char_jumin.png
1109	11	亿万长者	0	1	999	388	776	0	1109	23	几名戴墨镜的家伙从侧面围了上来，看样子是更高级的打手，不过这些无法阻拦你前进的步伐。	members/head_char_yiwanzhangzhe.png
1110	11	冲向首都	0	1	999	397	794	0	1110	23	终于冲出赌场来了，要赶在克罗克达尔之前赶往首都，阻止叛军与国王军的冲突才行。	members/head_char_jumin.png
1111	11	分头行动	0	1	999	416	832	0	1111	23	面临重重阻拦，一行人只有再次分开，各自奔赴一个方向，肯定有一人会及时赶到，阻止战争。	members/head_char_jumin.png
1112	11	鼹鼠与棒球	1	1	10	509	1018	50000_37_1,50000_63_1	1112	24	这个一直在地下穿行的家伙是什么，鼹鼠么？还有那个拿棒球的家伙，真是一对奇怪的组合。	members/head_char_mr4.png
1113	11	人妖登场	1	1	10	517	1034	41000_50_1,50000_36_1	1113	24	这不是在船上遇到，可以模仿别人模样的有趣家伙么，想不到竟然会成为敌人！	members/head_char_mr2.png
1114	11	荆棘刀刃	1	1	10	526	1052	50000_64_1	1114	25	这里还有一个恶魔果实能力者，竟然可以让身体的各个部分都变成尖刺，真不好对付。	members/head_char_mr1.png
1115	11	超越	2	1	5	612	1224	50000_25_1,50000_20_1	1115	25	薇薇赌上了自己的性命去拯救国家，作为同伴，一定要击倒眼前的罪魁祸首——克罗克达尔。	members/head_char_keluokedaer.png
1201	12	天国之门	0	1	999	466	932	0	1201	25	顺着冲上天空的水注，来到云层之上，雄伟的大门正在打开，原来真的存在空岛！	members/head_char_shengwu1.png
1202	12	空中海洋	0	1	999	473	946	0	1202	25	不可思议，云彩竟然像海水一样，真是个奇妙的世界，不知道前面会碰到什么更有意思的事情。	members/head_char_shengwu1.png
1203	12	空岛特产	0	1	999	481	962	0	1203	25	哇！云海里竟然还有生物，好大的乌贼，可是乌贼不是生活在水里么……	members/head_char_shengwu2.png
1204	12	奇异鱼类	0	1	999	491	982	0	1204	25	呃……还有鱼，连鳞片都长得像羽毛，这就是罗兰度日记上提到的奇妙的空岛鱼吧。	members/head_char_shengwu2.png
1205	12	空之骑士	1	1	10	583	1166	50000_33_1,50000_62_1	1205	26	有个像牛的家伙踩着四角云冲过来了，他竟然在云上奔驰，嚷嚷着要除掉你们，是想打架么？	members/head_char_ganfuer.png
1206	12	彩虹迷雾	0	1	999	510	1020	0	1206	26	想不到空岛上会有“神”的存在，而他派出了一群神兵，以非法入境的罪名，前来抓人。	members/head_char_shenbing1.png
1207	12	神之制裁	0	1	999	520	1040	0	1207	26	被打败的神兵们，再次袭来，并叫嚷着会有神罚降临，真是一群恼人的家伙。	members/head_char_shenbing1.png
1208	12	活祭品	0	1	999	530	1060	0	1208	26	不甘失败的神兵们，趁机将独自在外的娜美掳走，声称要当做祭品，献给神。	members/head_char_shenbing1.png
1209	12	目标神岛	0	1	999	568	1136	0	1209	26	柯妮丝也被天神的惩罚轰击，一定要将她和娜美救出来，向神岛进发吧。	members/head_char_shenbing1.png
1210	12	球之试炼	1	1	10	709	1418	41000_58_1,50000_35_1	1210	27	进入神岛森林后，将面临四大试炼，选择了球之试炼后，迎来了一个肥胖的神官。	members/head_char_shadeli.png
1211	12	遭遇战	0	1	999	652	1304	0	1211	27	击败了球之试炼的神官，继续前进，碰到神兵长带着一群神兵前来拦截。	members/head_char_shenbingduizhang.png
1212	12	沼之试练	1	1	10	815	1630	50000_59_1,41000_52_1	1212	27	接下来碰到沼之试炼的神官，整个区域都变成了沼泽，时间已经不多，必须尽快打倒他。	members/head_char_gaidazi.png
1213	12	绳之试炼	1	1	10	873	1746	50000_23_1,50000_63_1	1213	27	留守的乔巴遭遇到神官之一修罗的袭击，立刻赶去营救他，敌人居然是掌管绳之试炼的神官。	members/head_char_xiula.png
1214	12	铁之试炼	1	1	10	878	1756	41000_58_1,50000_30_1	1214	27	击败了修拉，又遇到持有能够喷出铁云的‘云贝’，变化多端刀具的铁之试炼神官。	members/head_char_omu.png
1215	12	遗迹对决	2	1	5	1006	2012	41000_44_1,41000_43_1	1215	28	终于来到神岛祭坛，见到了“神”，原来他也是一名恶魔果实能力者——响雷果实的拥有者。	members/head_char_ainilu.png
1301	13	发现岛屿	0	1	999	759	1518	0	1301	28	整个岛屿像一个戒指，形成一个细长的圆环，其中一部分似乎还淹没在海洋中。	members/head_char_yeshou.png
1302	13	加长生物	0	1	999	761	1522	0	1302	28	好厉害，岛上所有的生物都是又细又长。这是腊肠狗么？	members/head_char_yeshou.png
1303	13	竹子？！	0	1	999	764	1528	0	1303	28	好长的竹子，都已经生长到云端了，而且竟然会自己逃跑！怎么可以输给一根竹子！	members/head_char_yeshou.png
1304	13	踩高跷的人	0	1	999	768	1536	0	1304	28	竹子断了之后，竟然出现一个白胡子老头，是竹子精灵么？	members/head_char_yeshou.png
1305	13	银狐海贼团	0	1	999	772	1544	0	1305	28	与此同时，梅利号被另外一艘大船给包围起来，船上跳下来的海贼们，发起了抢人大作战挑战。	members/head_char_haidao4.png
1306	13	环形船赛	1	1	10	904	1808	50000_59_1,41000_59_1	1306	29	第一场比赛是环形船赛，首先划船绕岛一周到达终点的人，即获得胜利，上吧！	members/head_char_kabodi.png
1307	13	珊瑚礁迷宫	0	1	999	778	1556	0	1307	29	这群可恶的家伙，竟然一开始就使用暴力，打了个措手不及，快追上去。	members/head_char_haidao4.png
1308	13	长峡角	0	1	999	782	1564	0	1308	29	绕过长峡角，就完成一半的航行了，继续加油。	members/head_char_haidao4.png
1309	13	假路标	0	1	999	785	1570	0	1309	29	前面出现了一个右转的指向标，是不是真的需要向右边转呢？	members/head_char_haidao4.png
1310	13	长竹林峡角	0	1	999	789	1578	0	1310	29	看到长竹林峡角了，通过那里就能看到终点了。	members/head_char_haidao4.png
1311	13	胜利在望	0	1	999	802	1604	0	1311	29	即将到达终点，胜利在望，但大家突然慢了下来，发生了什么事情？	members/head_char_haidao4.png
1312	13	第一场败北	1	1	10	950	1900	50000_22_1,50000_63_1	1312	30	太卑鄙了，竟然利用缓慢射线将大家的速度变慢，真不甘心。	members/head_char_mengda.png
1313	13	火爆斗球	1	1	10	965	1930	41000_52_1,50000_34_1	1313	30	为了营救回输掉的伙伴，第二场火爆斗球，必须要胜利！	members/head_char_hanbao.png
1314	13	暴力比赛	1	1	10	981	1962	50000_51_1,41000_69_1	1314	30	果然又是充满暴力的比赛，绝不是单纯的竞技，所以放开手脚大打一场吧。	members/head_char_bigepan.png
1315	13	反败为胜	1	1	10	1010	2020	50000_28_1,50000_52_1	1315	30	对方的船员配合十分默契，各种阴谋诡计层出不穷……	members/head_char_pikelusi.png
1316	13	船长对决	2	1	5	1188	2376	41000_31_1,41000_43_1	1316	31	经过千辛万苦，终于取得第二场比赛的胜利，最后一场大决战即将开始。	members/head_char_fukesi.png
1401	14	前往水都	0	1	999	916	1832	0	1401	31	海上竟然会出现火车，太不可思议了。刚要赶过去看看这趟神奇的列车，却碰到了巨大的海怪。	members/head_char_henggang.png
1402	14	三亿贝里	0	1	999	943	1886	0	1402	31	携带着三亿贝里，来到水之都准备维修梅利号。可装满贝里的皮箱却被一群小偷盯上了……	members/head_char_shangjinlieren2.png
1403	14	弗兰奇一家	0	1	999	971	1942	0	1403	31	经过询问才知道，这货小偷是当地赫赫有名的弗兰奇一家的成员，经常做些偷鸡摸狗的事情。	members/head_char_shangjinlieren2.png
1404	14	消失的皮箱	0	1	999	975	1950	0	1404	31	沉浸在讨论如何修复梅利号的问题之中，突然发现有两箱子贝里不见了……	members/head_char_shangjinlieren2.png
1405	14	被绑架了	0	1	999	981	1962	0	1405	31	原来乌索普被弗兰奇一家绑架了，他奋力抵抗，仍然没有夺回被抢走的贝里，还被打成了重伤。	members/head_char_shangjinlieren2.png
1406	14	改造人	1	1	10	1150	2300	41000_66_1,50000_26_1	1406	32	终于抢回了贝里，这群家伙的老大弗兰奇回来后，勃然大怒，亲自前来挑战了。	members/head_char_shangjinlieren2.png
1407	14	栽赃嫁祸	0	1	999	990	1980	0	1407	32	好不容易解决了与弗兰奇的纠纷，却遭到市政部门发出的通缉令，怎么会变成袭击市长的嫌犯？	members/head_char_gongren.png
1408	14	询问真相	0	1	999	995	1990	0	1408	32	为了调查清楚事情的真相，洗脱自己的嫌疑，半夜悄悄闯入市长居所，当面问个清楚吧。	members/head_char_bali.png
1409	14	背叛？！	0	1	999	1001	2002	0	1409	32	好大的房子，不知不觉已经迷路了，还引来了一堆船工的追击，快跑！	members/head_char_gongren.png
1410	14	暗杀之夜	0	1	999	1003	2006	0	1410	32	在与船工纠缠的时候，突然传来巨大的响动，顺着声音前行吧，看看发生了什么事情。	members/head_char_gongren.png
1411	14	神秘组织	0	1	999	1004	2008	0	1411	32	赶到市长所在的卧室，发现了一伙披着斗篷的神秘黑衣人，或许他们就是幕后元凶，拦住他们。	members/head_char_gongren.png
1412	14	真面目	1	1	10	1173	2346	50000_59_1	1412	33	市长身边一直非常信任的伙伴，竟是海军政府秘密组织CP9的成员，他们导演了这次刺杀。	members/head_char_bulunuo.png
1413	14	上古兵器	1	1	10	1177	2354	50000_28_1,50000_56_1	1413	33	为了拿到冥王设计图，他们花费几年时间潜藏在水之都，获得市长信任，终于在今天露出獠牙。	members/head_char_kalifa.png
1414	14	设计图	1	1	10	1190	2380	41000_50_1,50000_23_1	1414	33	发现设计图是假的，推断出真正的设计图在弗兰奇那里。CP9们开始奔赴弗兰奇所在的地点。	members/head_char_kaku.png
1415	14	猫猫果实	1	1	10	1205	2410	50000_52_1,41000_63_1	1415	33	得知弗兰奇是托姆的弟子，掌握着冥王设计图纸，CP9们决定将他一起带回大本营慢慢审问。	members/head_char_bulunuo.png
1416	14	劫持	2	1	5	1393	2786	50000_12_1,50000_59_1	1416	34	尽管知道了对方的阴谋，也明白了罗宾的苦衷，最终还是晚了一步。	members/head_char_luqi.png
1501	15	孤身追踪	0	1	999	1056	2112	0	1501	34	在船上的香吉士，挂念着罗宾的安危，开始一个人展开了营救行动。	members/head_char_heiyi1.png
1502	15	通讯室	0	1	999	1069	2138	0	1502	34	到达通讯室，意外发现了被绑在此处的弗兰奇和乌索普，先救他们出来吧。	members/head_char_jieli.png
1503	15	营救计划	0	1	999	1081	2162	0	1503	34	三人经过商议，决定先去营救罗宾，然后再想办法离开这里……	members/head_char_heiyi1.png
1504	15	开始行动	0	1	999	1093	2186	0	1504	34	计划已定，大家开始分头行动，先去把敌人引过来，按照计划将他们……	members/head_char_heiyi1.png
1505	15	诱敌深入	0	1	999	1106	2212	0	1505	34	越来越多的敌人发现了入侵者，开始朝着最后一节车厢奔来，将他们一网打尽吧。	members/head_char_heiyi1.png
1506	15	车厢脱节	1	1	10	1303	2606	50000_29_1,50000_53_1	1506	35	当所有的人赶到最后一节车厢时，抵挡住他们的首领本恩上校，就可以顺利执行计划了！	members/head_char_benen.png
1507	15	敌人增援	0	1	999	1131	2262	0	1507	35	将最后一节车厢的海军们封闭在那里，并且断开与前几节车厢的连接后，可以跟他们说再见啦！	members/head_char_heiyi2.png
1508	15	车厢混战1	0	1	999	1142	2284	0	1508	35	仍然还有许多海军在其他的车厢，可不能放松，继续前进吧。	members/head_char_heiyi2.png
1509	15	车厢混战2	0	1	999	1155	2310	0	1509	35	果然不出所料，更多的海军开始拥过来，战局越乱越好，这样才能吸引敌人的注意力。	members/head_char_heiyi2.png
1510	15	车厢混战3	0	1	999	1168	2336	0	1510	35	似乎看到下一节车厢了，摆平这些家伙，就可以通过了。	members/head_char_heiyi2.png
1511	15	第五节车厢	0	1	999	1181	2362	0	1511	35	来到第五节车厢，怎么看起来像是厨房？还有个推餐车的奇怪家伙。	members/head_char_heiyi2.png
1512	15	料理格斗家	1	1	10	1392	2784	41000_70_1,50000_28_1	1512	35	要面条么？真是恶心的制作方法，赶紧将这个讨厌的家伙打飞吧。	members/head_char_wajie.png
1513	15	海鼬尼罗	1	1	10	1419	2838	41000_68_1	1513	35	又来了一个家伙，貌似是名新人，并不怎么厉害的样子。	members/head_char_nailuo.png
1514	15	割裂车厢	1	1	10	1446	2892	41000_67_1,50000_54_1	1514	35	终于来到CP9主要成员所在的车厢，趁着他们不注意，绕到后面把车厢切断吧。	members/head_char_kaku.png
1515	15	被拉回来了	1	1	10	1476	2952	41000_68_1,50000_18_1	1515	35	糟糕，割裂的车厢竟然被荆棘鞭拉回来了，只有与他们正面冲突了。	members/head_char_kalifa.png
1516	15	空气门	2	1	5	1719	3438	50000_47_1,50000_27_1	1516	36	这家伙什么时候绕到背后的，一点感觉都没有，太危险了。不过罗宾就在眼前，一定要救她走！	members/head_char_bulunuo.png
1601	16	不夜岛	0	1	999	1315	2630	0	1601	36	眼前就是司法岛了，这座被称作不夜之地的海岛，是海军秘密部队的大本营。	members/head_char_haijun3.png
1602	16	主岛正门	0	1	999	1319	2638	0	1602	36	望着矗立在海岛前的大门，这就是通往中央广场的唯一途径，准备好战斗了么？	members/head_char_haijun3.png
1603	16	跨越栅栏	0	1	999	1322	2644	0	1603	36	好大的铁栅栏，打开一道缺口，冲进去吧。	members/head_char_haijun3.png
1604	16	主岛前门	0	1	999	1327	2654	0	1604	36	来到司法岛的前门，一群卫兵把守在次，击败他们。	members/head_char_haijun3.png
1605	16	独自突围	0	1	999	1331	2662	0	1605	36	前来的帮忙的伙伴们被阻挡在了门外，但时间紧迫，独自越过栅栏，先进去为他人开路吧。	members/head_char_haijun3.png
1606	16	巨人门卫	1	1	10	1556	3112	41000_68_1	1606	37	来到门前，有两个巨人挡住了去路。不要纠缠，越过他们继续前进吧。	members/head_char_kaxi.png
1607	16	进入主岛	0	1	999	1337	2674	0	1607	37	打败守卫进入了主岛，又迎来一大批CP9成员的围追堵截。	members/head_char_zhudaoshouwei.png
1608	16	勇往直前	0	1	999	1342	2684	0	1608	37	这些家伙还真是难缠，有种打不完的感觉。	members/head_char_langgoubudui.png
1609	16	冲破大门	0	1	999	1345	2690	0	1609	37	终于冲破重重险阻，成功打开了大门，后面的伙伴可以更快的冲进来了。	members/head_char_zhudaoshouwei.png
1610	16	倒戈相向	0	1	999	1378	2756	0	1610	37	跟上来的伙伴们似乎认识守门的巨人，策反他们，一起帮助进攻司法岛。	members/head_char_langgoubudui.png
1611	16	主岛法院	0	1	999	1410	2820	0	1611	37	进入主岛法院，好大的院子啊，可是之后要怎么走呢？	members/head_char_langgoubudui.png
1612	16	大法官	1	1	10	1661	3322	41000_52_1,50000_52_1	1612	37	混乱引来了司法岛的大法官。好厉害，竟然长了三个脑袋！	members/head_char_basikabier.png
1613	16	一分为三	1	1	10	1678	3356	41000_69_1,50000_22_1	1613	37	原来只是三个人穿着一个大袍子，装作三个头的骗子……	members/head_char_basikabier.png
1614	16	法院楼顶	1	1	10	1695	3390	50000_21_1,41000_70_1	1614	38	爬上了法院的楼顶，似乎看到司法塔了，罗宾就在那里吧。	members/head_char_bulunuo.png
1615	16	奥哈拉梦魇	1	1	10	1710	3420	41000_58_1	1615	38	站在司法塔上的罗宾，慢慢道出了20年前政府对奥哈拉发动屠魔令的事情……	members/head_char_zhongjiang.png
1616	16	向世界宣战	2	1	5	1973	3946	41000_38_1	1616	39	终于了解到罗宾背负的东西，那就打掉政府旗帜，驱除纠缠着她的梦魇，向整个世界宣战吧！	members/head_char_qizhi.png
1701	17	飞向瀑布	0	1	999	1487	2974	0	1701	39	越过前面的瀑布沟壑，就可以到达司法塔了。	members/head_char_heiyi1.png
1702	17	司法塔	0	1	999	1495	2990	0	1702	39	来到司法塔下，斯潘达姆见势不妙，押着罗宾先行逃跑了，快追！	members/head_char_heiyi1.png
1703	17	塔内迷宫	0	1	999	1501	3002	0	1703	39	这个塔仿佛一座巨大的迷宫，对于路痴来说，实在是……	members/head_char_heiyi1.png
1704	17	上楼下楼	0	1	999	1509	3018	0	1704	39	上上下下，也不知道绕过了多少弯路，还是找不到出口。	members/head_char_heiyi1.png
1705	17	兵分多路	0	1	999	1517	3034	0	1705	39	看来只有分头行动了，各自对付前方的敌人，要小心！	members/head_char_heiyi1.png
1706	17	坚固大门	1	1	10	1778	3556	41000_66_1,41000_59_1	1706	40	好坚固的大门，看来这里应该就是出口了，打破它！	members/head_char_damen.png
1707	17	海底通道	0	1	999	1531	3062	0	1707	40	这个奇怪的通道是建在海底下的么，好厉害啊。	members/head_char_zhudaoshouwei.png
1708	17	踟蹰之桥	0	1	999	1537	3074	0	1708	40	来到踟蹰之桥，又碰到之前的三头法官，真是阴魂不散。	members/head_char_basikabier.png
1709	17	手抖了	0	1	999	1545	3090	0	1709	40	与此同时，押送罗宾逃走的斯潘达姆，不小心按下了发动屠魔令的按钮……	members/head_char_zhudaoshouwei.png
1710	17	屠魔令发动	0	1	999	1553	3106	0	1710	40	海军本部收到了屠魔令发动的新号，开始出动大批军舰和海军向司法岛驶来。	members/head_char_langgoubudui.png
1711	17	正义之门	0	1	999	1567	3134	0	1711	40	通过了正义之门，就要追上罗宾了，却迎来了CP9主力成员们的阻击。	members/head_char_langgoubudui.png
1712	17	狩猎猫头鹰	1	1	10	1846	3692	41000_63_1	1712	40	好奇怪的家伙，嘴巴像一个拉链，好像是一头猫头鹰啊……	members/head_char_maotouying.png
1713	17	生命归还	1	1	10	1864	3728	50000_58_1,41000_58_1	1713	40	这个像是歌舞伎的家伙，也是CP9的成员么，真是一群古怪的组合。	members/head_char_weiqu.png
1714	17	泡泡大战	1	1	10	1881	3762	50000_26_1,41000_52_1	1714	40	这不是在水之七都见到的市长秘书么，竟然也成了恶魔果实能力者。	members/head_char_kalifa.png
1715	17	厨师阿修罗	1	1	10	1899	3798	41000_58_1	1715	40	面前的这两个人，应该是里面最难缠的角色了吧，前面也已经能看到鸽子男了，找准自己的对手进攻吧。	members/head_char_jiabula.png
1716	17	决战之桥	2	1	5	2187	4374	41000_44_1	1716	41	用尽全力击败鸽子男，身体已经动不了了，而海军的火炮已经瞄准了这里，快想办法！	members/head_char_luqi.png
1801	18	魔鬼海域	0	1	999	1653	3306	0	1801	41	好大的雾气，整个海域充满着诡异的气氛，真可怕。	members/head_char_elong.png
1802	18	奇怪木桶	0	1	999	1666	3332	0	1802	41	哇，一只木桶，快捞起来，里面会不会装着财宝？	members/head_char_elong.png
1803	18	信号弹？！	0	1	999	1679	3358	0	1803	41	打开木桶之后，没有美酒或者财宝，只是有一束烟花冲天而起。	members/head_char_elong.png
1804	18	幽灵船	0	1	999	1693	3386	0	1804	41	好大的船，怎么会有歌声，这里有一个骷髅，而且竟然在走路，在唱歌！	members/head_char_kuloubing.png
1805	18	被盯上了	0	1	999	1706	3412	0	1805	41	从这个叫布鲁克的骷髅口中得知，之前的烟花是一个陷阱，你们已经被敌人盯上了。	members/head_char_kuloubing.png
1806	18	幽灵岛	1	1	10	2013	4026	50000_57_1,50000_22_1	1806	42	登上面前这座被称为幽灵岛的小岛，不知道是不是真的会有幽灵……	members/head_char_diyuquan.png
1807	18	幽灵马车	0	1	999	1747	3494	0	1807	42	果然有幽灵啊，竟然还是拉马车的。车上出来一个怪人。	members/head_char_jiangshi1.png
1808	18	医生公馆	0	1	999	1768	3536	0	1808	42	想不到在这里竟然能碰到著名的外科医生霍古巴克，这座公馆就是他的医学实验室，只是处处透着诡异。	members/head_char_jiangshi1.png
1809	18	透明骚扰	0	1	999	1790	3580	0	1809	42	突然听到一声尖叫，似乎是正在洗澡的娜美遭到了袭击！	members/head_char_jiangshi2.png
1810	18	研究室	0	1	999	1807	3614	0	1810	42	为了追击透明怪人，不小心闯入了严禁入内的实验室，医生的秘密被发现了。	members/head_char_jiangshi2.png
1811	18	夜袭开始	0	1	999	1823	3646	0	1811	42	一群群的僵尸与幽灵，组成庞大的军队，即将展开夜袭，赶快逃离这里。	members/head_char_jiangshi2.png
1812	18	外科医生	1	1	10	2147	4294	50000_24_1,41000_70_1	1812	43	原来霍古巴克医生是莫利亚手下的三怪人之一，利用高超的医术制造了僵尸大军。	members/head_char_huogubake.png
1813	18	梦幻庭院	1	1	10	2168	4336	41000_52_1,41000_58_1	1813	43	边打边逃，进入了一个美丽的花园，只可惜里面依旧充斥着各种怪物。	members/head_char_peiluona.png
1814	18	死亡墓园	1	1	10	2189	4378	50000_57_1,41000_70_1	1814	43	为了营救被掳走的娜美，来到一座墓园，发现透明人正打算与昏睡的娜美成婚，快阻止他。	members/head_char_aozi.png
1815	18	魔人战士	1	1	10	2206	4412	50000_28_1,50000_56_1	1815	43	击败了阿布萨罗姆，又碰到了身材巨大的魔人战士奥兹，真是个难缠的家伙。	members/head_char_aozi.png
1816	18	影子集合地	2	1	5	2540	5080	50000_13_1,50000_12_1	1816	44	为了夺回大家被夺取的影子，向影子集合地进发，打败月光莫利亚吧。	members/head_char_moliya.png
1901	19	人鱼小姐	0	1	999	1920	3840	0	1901	44	终于再次见到了红土大陆，伟大航路的旅程已经行进了一半，大家也都有了巨大的成长，真是激动人心。	members/head_char_feiyuqishi1.png
1902	19	章鱼烧	0	1	999	1935	3870	0	1902	44	从海兔口中救下了一名叫做凯米的鱼人少女，盛情邀请大家前往她所在的小店品尝章鱼烧。	members/head_char_feiyuqishi1.png
1903	19	解救人质	0	1	999	1951	3902	0	1903	44	到达章鱼烧店的时候，才发现店的老板兼主厨，已经被绑走了。	members/head_char_feiyuqishi1.png
1904	19	是你？！	0	1	999	1965	3930	0	1904	44	前往营救章鱼烧老板时，才发现他竟然就是阿龙手下的鱼人剑客小八。	members/head_char_feiyuqishi1.png
1905	19	章鱼小八	0	1	999	1989	3978	0	1905	44	经过一阵思想斗争，终究还是无法抵御章鱼烧的诱惑，那么化敌为友，救他出来吧。	members/head_char_feiyuqishi2.png
1906	19	帅哥团长	1	1	10	2347	4694	41000_50_1,50000_21_1	1906	45	大打出手之后，发现飞鱼骑士海贼团的团长，竟然是被误认为是香吉士，画到通缉令上的倒霉蛋。	members/head_char_dibalu.png
1907	19	夏波蒂公园	0	1	999	2035	4070	0	1907	45	在成功解决绑架事件之后，为了将凯米送回人鱼岛，来到夏波蒂公园。	members/head_char_tianlongren1.png
1908	19	嚣张贵族	0	1	999	2060	4120	0	1908	45	在这片岛屿上，发现了被称为贵族的天龙人，这是一群极度嚣张的家伙。	members/head_char_tianlongren1.png
1909	19	凯米被抓	0	1	999	2080	4160	0	1909	45	一不留神，凯米被绑架了，到底是谁抓走了她？	members/head_char_tianlongren2.png
1910	19	人贩生意	0	1	999	2099	4198	0	1910	45	经过调查发现，这座岛上盛行着人贩生意，或许他们就是凶手。	members/head_char_tianlongren2.png
1911	19	大闹拍卖场	0	1	999	2119	4238	0	1911	45	果然在人贩拍卖场，发现了被囚禁起来当做拍卖品的凯米，救她出来吧。	members/head_char_tianlongren3.png
1912	19	大熊？	1	1	10	2496	4992	50000_52_1,41000_63_1	1912	46	在大闹拍卖场之后，再次碰到了熊，想不到竟然会追到这里来。	members/head_char_px.png
1913	19	改造人	1	1	10	2519	5038	50000_12_1,50000_51_1	1913	46	怎么会又出来一个熊？难道这些都不是本尊，而是政府制造的机器人么？	members/head_char_px.png
1914	19	最强防御	1	1	10	2537	5074	50000_23_1,50000_55_1	1914	46	在与和平主义者纠缠的过程中，又有一个拿着巨大斧头的家伙加入战局，他自称是海军中拥有最强防御的人。	members/head_char_zhantaowan.png
1915	19	致命打击	1	1	10	2558	5116	50000_20_1	1915	46	这次的熊应该是本人了，他的强大毋庸置疑，尽力抵挡吧。	members/head_char_xiong.png
1916	19	闪光人	2	1	5	2945	5890	41000_50_1,41000_61_1	1916	47	想不到海军政府这次竟然派出了三大将之一的黄猿，前来执行抓捕任务，这次危险了。	members/head_char_huangyuan.png
2001	20	飞落岛屿	0	1	999	2226	4452	0	2001	47	站起来，去岛上四处逛逛吧，先找些吃的东西填饱肚子。	members/head_char_nvzhanshi1.png
2002	20	奇异蘑菇	0	1	999	2245	4490	0	2002	47	发现一堆奇怪的蘑菇，这下子有东西吃了……啊，为什么吃完之后浑身开始长蘑菇了，头好晕……	members/head_char_nvzhanshi1.png
2003	20	屋顶逃出	0	1	999	2262	4524	0	2003	47	醒来发现身上的蘑菇都消失了，但是却被关在了一间屋子里，外面全是女人。	members/head_char_nvzhanshi1.png
2004	20	丛林追踪	0	1	999	2289	4578	0	2004	47	不能呆在这里，还要去寻找伙伴，以及打探艾斯的消息，打破房顶逃出去吧。	members/head_char_nvzhanshi1.png
2005	20	丛林追踪2	0	1	999	2316	4632	0	2005	47	后面的女战士依旧紧追不舍，跟着你来到了丛林中。	members/head_char_nvzhanshi1.png
2006	20	政府威胁	1	1	10	2733	5466	50000_52_1	2006	48	与此同时，岛外似乎来了一艘海军军舰，中将鼯鼠就在上面……	members/head_char_haijun2.png
2007	20	女帝归来	0	1	999	2371	4742	0	2007	48	岛上欢声雷动，听说是她们的女王回来了，去看看吧，或许可以要一艘船出海。	members/head_char_nvzhanshi2.png
2008	20	九蛇城	0	1	999	2393	4786	0	2008	48	重新回到城中，要避开四周的女战士，悄悄接近才行。	members/head_char_nvzhanshi2.png
2009	20	入浴	0	1	999	2415	4830	0	2009	48	不好，飞过头了，竟然跌落到浴池里了。咦，那里似乎有人在洗澡……	members/head_char_nvzhanshi2.png
2010	20	背后印记	0	1	999	2437	4874	0	2010	48	背后的印记被发现之后，女人发飙了，开始指挥众人对你展开追捕。	members/head_char_nvzhanshi2.png
2011	20	重新拘捕	0	1	999	2459	4918	0	2011	48	啊，这是什么，不是铅弹呀……	members/head_char_nvzhanshi2.png
2012	20	追究责任	1	1	10	2897	5794	50000_19_1	2012	49	最终还是失手被擒，被一众女兵押到了广场，与这名女王大人似乎是没法沟通呢。	members/head_char_nvzhanshi2.png
2013	20	刽子手	1	1	10	2995	5990	50000_49_1,50000_21_1	2013	49	要施行惩罚了，判决是——死刑，执行者竟然是一头黑色的大豹子。	members/head_char_bakoula.png
2014	20	竞技台	1	1	10	3097	6194	41000_68_1,41000_63_1	2014	49	轻易解决了豹子，女王决定派出手下的两个姐妹亲自行刑。	members/head_char_boyasangdasuoniya.png
2015	20	王者资质	1	1	10	3203	6406	50000_59_1	2015	49	他们为什么不动了，站着挨打么？那就不客气了。	members/head_char_boyamaligelude.png
2016	20	致命之疾	2	1	5	3785	7570	41000_58_1,50000_18_1	2016	50	被打出去的蛇人姐妹，后背的秘密要被发现了，现在的你会如何选择？	members/head_char_hankuke.png
2101	21	大监狱	0	1	999	2935	5870	0	2101	50	前面就是深海监狱的入口了，藏在汉库克的长袍里，一起进去吧。	members/head_char_jianyushouwei.png
2102	21	正义之门	0	1	999	3035	6070	0	2102	50	大门两侧站满了卫兵，看来这里防守非常严密。	members/head_char_jianyushouwei.png
2103	21	检查室	0	1	999	3138	6276	0	2103	50	进入监狱里，必须先在检查室接受搜身检查，才能继续前进，看来不能继续藏下去了。	members/head_char_jianyushouwei.png
2104	21	蒙混过关	0	1	999	3244	6488	0	2104	50	利用汉库克的石化能力，迅速离开检查室，接下来只能孤身前进了。	members/head_char_jianyushouwei.png
2105	21	进入监狱	0	1	999	3355	6710	0	2105	50	终于进到牢房里，快打探艾斯的下落吧，小心那些看守监狱的狱卒。	members/head_char_nvjianyushouwei.png
2106	21	再遇巴基	1	1	10	4048	8096	50000_18_1	2106	51	来到第一层，突然发现前面有一阵骚乱，这不是巴基么，他也被关在这里？	members/head_char_lanxing.png
2107	21	红莲地狱	0	1	999	3502	7004	0	2107	51	与巴基一起冲开前来追捕的狱卒，他答应带你去前往下一层监狱的入口处。	members/head_char_yuzushou.png
2108	21	猛兽地狱	0	1	999	3534	7068	0	2108	51	来到监狱第二层，这里的守卫全是各种奇怪的猛兽，应该是政府军使用特殊的技术制造出来的。	members/head_char_yuzushou.png
2109	21	饥饿地狱	0	1	999	3568	7136	0	2109	51	在混乱中，从第二层跌进了第三层，竟然意外的碰到了小冯！救他出去吧。	members/head_char_yuzushou.png
2110	21	焦热地狱	0	1	999	3601	7202	0	2110	51	在小冯的帮助下，顺利来到第四层，这里就是署长麦哲伦的办公室了。	members/head_char_yuzushou.png
2111	21	狱长室	0	1	999	3634	7268	0	2111	51	在署长办公室，充斥着炎热与毒气，还有个巨大的……马桶……	members/head_char_yuzushou.png
2112	21	初次交锋	1	1	10	4265	8530	41000_50_1,41000_66_1	2112	51	打斗声终于惊动了狱长，这个全身都是剧毒的毒毒果实能力者，是令整个监狱都为之颤抖的存在。	members/head_char_maizhelun.png
2113	21	打破看守室	1	1	10	4290	8580	41000_29_1	2113	51	经过一番苦战，败下阵来，并且身中剧毒，还好被伊万科夫以毒攻毒保住了性命，现在要重新杀回去！	members/head_char_xiniu.png
2114	21	冲出监狱	1	1	10	4316	8632	41000_52_1	2114	51	在大家的共同努力下，顺利冲出了监狱，与闻讯赶来的狱卒长展开了交锋。	members/head_char_sadi.png
2115	21	副监狱长	1	1	10	4339	8678	41000_52_1	2115	51	汉尼拔副署长也赶来了，不过怎么看这家伙都是一副不禁打的样子。	members/head_char_hanniba.png
2116	21	自由世界	2	1	5	4989	9978	50000_58_1,41000_50_1	2116	52	再次遇到麦哲伦，阻挡他直到大家顺利离开就可以了。只是所有人都上了船，谁去打开监狱大门呢？	members/head_char_maizhelun.png
2201	22	驶向总部	0	1	999	3763	7526	0	2201	52	距离艾斯被处刑时间只剩不到3个小时，处刑地点海军本部玛林梵多，加速驶向海军总部吧。	members/head_char_haijun3.png
2202	22	打开正门	0	1	999	3785	7570	0	2202	52	海军总部的正门突然打开了，众多海贼一齐驶进了海军总部马林梵多。	members/head_char_haijun3.png
2203	22	海贼云集	0	1	999	3807	7614	0	2203	52	同时赶来的总共有43艘海贼船，其中不乏名气显赫的大海贼。现场的气氛越来越紧张了。	members/head_char_haijun3.png
2204	22	莫比迪克号	0	1	999	3897	7794	0	2204	52	正当战国疑惑之时，莫迪比克号从总部海底出现在世人眼前，白胡子海贼团登场！	members/head_char_haijun3.png
2205	22	一触即发	0	1	999	3989	7978	0	2205	52	白胡子时代的主角，与海军终于开始了正面对决，大战一触即发。	members/head_char_haijun3.png
2206	22	大战序幕	1	1	10	4698	9396	50000_18_1,41000_52_1	2206	53	为了保证计划顺利进行，战国下令提前处决艾斯，海军中将们充当第一防线，大战一触即发。	members/head_char_zhongjiang.png
2207	22	全军动员	0	1	999	4063	8126	0	2207	53	双方不约而同的发起了进攻号令，混战开始了。	members/head_char_dazuo.png
2208	22	钻石巨人	0	1	999	4101	8202	0	2208	53	白胡子的第三队队长，钻石乔治挺身而出，用自己的身体挡住了敌人的犀利攻击。	members/head_char_dazuo.png
2209	22	攻进港湾	0	1	999	4140	8280	0	2209	53	在双方胶着激战之时，海军大将赤犬出击，利用自己的能力熔炎击碎了冰块，并向白胡子发起挑衅。	members/head_char_dazuo.png
2210	22	激战	0	1	999	4178	8356	0	2210	53	白胡子海贼团各个队长一齐发动进攻，顿时马林梵多硝烟四起。	members/head_char_dazuo.png
2211	22	两路包抄	0	1	999	4196	8392	0	2211	53	奥兹冲出海贼群，向着处刑台一路奔去，用自己的巨大身躯冲开一条血路。	members/head_char_dazuo.png
2212	22	突然袭击	1	1	10	4916	9832	41000_58_1	2212	53	顺利赶到的克罗克达尔，突然冲向了白胡子，扬言要	members/head_char_dazuo.png
2213	22	武海出击	1	1	10	4937	9874	41000_67_1	2213	53	七武海也发起了进攻，奥兹成为众七武海的集火目标，奥兹不敌倒在了处刑台前面。	members/head_char_moliya.png
2214	22	劈斩	1	1	10	4958	9916	50000_54_1,50000_20_1	2214	54	王下七武海之一，被称为世界第一剑客朱洛基尔·米霍克，一刀斩向了摸底比克号…	members/head_char_yingyan.png
2215	22	和平主义	1	1	10	4979	9958	50000_29_1	2215	54	以七武海巴索洛缪·熊为原型制造的和平主义战争机器加入战局，白胡子海贼们损失惨重。	members/head_char_px.png
2216	22	正义必胜	2	1	5	5714	11428	41000_59_1	2216	55	七武海唐吉可德将奥兹的一只脚斩断，使奥兹倒在了处刑台前面。而艾斯却突然开口阻止你赶去救援。	members/head_char_duofolangmingge.png
2301	23	包围圈	0	1	999	4304	8608	0	2301	55	看到一部分海军消失，白胡子立刻命令几位船长向两边突破，果然发现了正在悄悄进行包围的海军。	members/head_char_shaoxiao.png
2302	23	不祥预感	0	1	999	4322	8644	0	2302	55	尽管识破了战国的阴谋，白胡子仍然感到不安，对战国知之甚深的他绝不相信只有如此幼稚的安排。	members/head_char_shaoxiao.png
2303	23	遗漏的人	0	1	999	4340	8680	0	2303	55	大战中，似乎少了一个人的身影，但所有人都已经无暇顾及这种事情。	members/head_char_dazuo.png
2304	23	大圈套	0	1	999	4358	8716	0	2304	55	正当白胡子海贼们一步步逼近处刑台时，史库亚多突然来到白胡子身前……	members/head_char_dazuo.png
2305	23	大圈套2	0	1	999	4377	8754	0	2305	55	站在高台上的战国，目不转睛的望着白胡子，似乎在等待着什么……	members/head_char_dazuo.png
2306	23	反戈相向	1	1	10	5194	10388	50000_52_1	2306	56	不可思议，史库亚多竟然转身向白胡子刺去，没有任何防御，白胡子被砍伤了……	members/head_char_dazuo.png
2307	23	血肉之路	0	1	999	4527	9054	0	2307	56	受到挑唆，仇恨冲昏头脑的史库亚多终于想明白了这是海军的诡计，但为时已晚。	members/head_char_zhongjiang.png
2308	23	沸腾之海	0	1	999	4605	9210	0	2308	56	面对步步紧逼的海贼，赤犬利用岩浆果实的能力，将整个海面煮沸，全员必须赶上陆地才行。	members/head_char_zhongjiang.png
2309	23	铜墙铁壁	0	1	999	4683	9366	0	2309	56	当所有人冲上陆地时，周围突然树立起坚硬的铁墙，战国的计策一环扣一环的展开了。	members/head_char_zhongjiang.png
2310	23	飞越	0	1	999	4763	9526	0	2310	56	现在唯一的出口，只有小奥兹身躯所在的狭窄通道，踏着伙伴的身躯，冲出囚笼！	members/head_char_zhongjiang.png
2311	23	进入广场	0	1	999	4845	9690	0	2311	56	付出巨大代价之后，所有人终于冲进了广场，距离处刑台只有一步之遥。	members/head_char_zhongjiang.png
2312	23	处刑台	1	1	10	5748	11496	41000_68_1,41000_59_1	2312	56	冲破重重险阻，终于登上处刑台，快去救出艾斯！	members/head_char_qingzhi.png
2313	23	碎裂的钥匙	1	1	10	5847	11694	41000_26_1	2313	57	终于抢夺过钥匙来，但尚未给艾斯打开枷锁，一道闪光打碎了钥匙。	members/head_char_huangyuan.png
2314	23	营救成功	1	1	10	5946	11892	50000_52_1,50000_18_1	2314	58	强行轰开愤怒追来的战国，总算将艾斯救下了处刑台，在即将离去时，赤犬出现在了身前。	members/head_char_fozhizhanguo.png
2315	23	艾斯之死	1	1	10	6047	12094	50000_27_1,41000_34_1	2315	59	对白胡子的不屑一顾，深深的刺伤了艾斯的心，刹那的忧郁，终于丧失了逃离的机会。	members/head_char_chiquan.png
2316	23	白胡子时代	2	1	5	7030	14060	50000_43_1,41000_38_1	2316	60	大势已去，看着艾斯倒下，众人伤心不已，白胡子也已经重伤累累，战争即将落下帷幕。	members/head_char_heihuzi.png
